[games_background.jpg]
filters=crop64=1,98024abf43fffff;
crop=rect64(98024abf43fffff)
moddate=2e6c4339f9cfcf01
width=1024
height=768
textactive=0
[quiz.jpg]
filters=Vignette=1,50.000000,1.000000,0.000000,ff6c2700;Soften=1,50.000000,50.000000;Invert=1;
moddate=8c0fcb8ffbcfcf01
width=403
height=125
textactive=0
[it - Copy.jpg]
filters=enhance=1;finetune2=1,1.000000,0.480000,0.480000,00000000,-1.000000;finetune2=1,1.000000,0.000000,0.000000,00000000,0.000000;Vignette=1,35.000000,1.400000,0.000000,00000000;Orton=1,25.000000,50.000000,0.000000;
moddate=859c528f01d0cf01
width=5128
height=2904
textactive=0
